h: 22, ops: 4970565, sumLengths: 26.39689009
h: 25, ops: 58336304, sumLengths: 24.95137635
