h: 22, ops: 3695351, sumLengths: 30.17764077
h: 24, ops: 32326596, sumLengths: 29.72867694
