parameters:
threads: 1
x: 99
y: 1
prefill: 100000
secs: 10
upd ops: 1
ideal: 0
results:
h: 15, ops: 32559221, sumLengths: 31.00104625

parameters:
threads: 1
x: 95
y: 5
prefill: 100000
secs: 10
upd ops: 1
ideal: 0
results:
h: 15, ops: 32647390, sumLengths: 30.84160155

parameters:
threads: 1
x: 90
y: 10
prefill: 100000
secs: 10
upd ops: 1
ideal: 0
results:
h: 15, ops: 25215316, sumLengths: 30.80785821

